970.74
1005.53
995.51
1027.52
1037.4
970.03
992.73
1033.41
1038.33
1008.92
1028.16
1024.29
1014.12
964.3
1033.03
1006.39
984.72
1019.11
966.73
974.31
982.24
1022.81
977.27
1016.88
1035.11
995.67
1005.24
961.47
1008.89
1000.25
988.87
992.69
983.46
1012.5
991.41
1018.32
997.08
998.84
1035.02
1037.12
1006.54
965.2
1023.38
1008.75
972.4
990.41
1034.61
1003.83
973.75
973.65
1012.68
1009.55
1006.07
965.84
999.01
998.57
971.74
1032.5
1013.04
1035.43
995.3
1014.47
1010.94
1002.45
1020.16
1000.37
989.44
1011.26
1011.86
999.05
1036.58
974.53
1009.01
986.95
1016.3
1014.19
978.03
983.78
977.89
1031.42
986.52
981.35
1031
979.76
982.07
992.31
978.47
998.26
996.69
1032.75
1010.4
970.3
980.24
1039.9
996.69
1011.67
1001.21
976.81
1015.63
1006.12
1007.34
965.2
1009.6
965.39
1025.26
990.84
962.76
992.95
1033.17
971.28
1021.16
984.29
990.49
976.61
999.95
996.25
985.21
1018.62
1000.21
961.21
985.45
979.1
966.25
1026.99
997.23
1000.15
964.72
985.45
963.32
1010.18
1037.68
1005.31
1014.91
1036.98
1000.71
968.09
1026.26
1029.94
981.84
1007.14
989.53
1037.71
977.93
1019.42
1000.21
960.79
964.41
1033.23
983.93
1038.28
1034.28
991.81
990.6
1002.11
1015.84
1016
968.26
1014.06
1037.84
1038.71
1010.89
1038.37
1005.33
998.42
976.15
1008.15
1010.09
1000.42
1013.9
987.37
1031.88
970.22
1037.58
1034.46
1026.78
972.78
1023.62
990.99
1007.5
1015.93
974.34
981.12
1024.49
978.26
996.55
1016.33
960.17
1031.4
963.5
993.09
1039.01
1013.66
981.9
1026.5
974.15
991.34
1004.07
993.56
983.97
1036.65
1021.58
978.63
978.37
971.74
1001.16
1034.91
973.46
1002.18
1025.2
961.5
1001.99
976.6
976.02
980.46
997.96
975.63
1014.83
1038.59
987.41
998.48
1036.99
1025.07
1021.99
1008.5
1023.29
988.24
1028.84
1034.21
1022.73
1008.26
1020.03
1023.1
972.72
966.59
961.8
1032.82
986.57
1036.89
1006.85
969.74
994.24
994.78
1025.6
970.15
979.76
967.4
1028.89
1038.51
997.77
1004.42
960.92
1027.52
1033.53
1002.27
992.11
998.75
960.13
1037.04
1012.18
963.09
1020.5
972.07
985.39
1035.3
1003.14
964.58
1035.54
1023.56
1022.63
994.68
986.94
981.18
998.12
993.2
1023.11
1034.22
987.88
984.1
1007.61
987.43
981.65
1003.16
993.49
973.52
979.16
1002.28
1008.5
994.91
1024.69
998.07
981.64
988.36
1038.76
994.38
1019.84
1023.97
1006.84
1023.51
1003.5
1017.54
1011.43
1007.13
1012.38
969.91
1008.35
966.71
1014.02
970.84
976.12
1015.25
994.37
986.79
1014.33
1005.77
1036.81
976.04
1006.4
1039.72
993.95
994.24
985.37
1028.45
1010.68
963.77
976.7
973.26
1005.43
1038.76
987.55
963.3
1007.41
1030.79
982.24
991.05
1003.08
998.15
992.26
964.42
1016.06
1008.84
964.26
964.13
1013.31
982
970.91
994.45
998.54
964.03
1037.56
1021.85
973.48
1020.92
993.07
1012.31
980.42
967.44
967.74
1038.66
1002.22
975.9
1030.45
979.14
1019.51
970.22
1037.96
973.33
974.9
1008.34
1023.01
970.98
965.28
980.11
1006.85
964.86
969.56
994.2
1017.09
1019.59
1010.4
974.23
987.62
994.16
1018.26
985.44
994.57
1029.27
983.68
1005.89
1034.53
1004.35
972.51
990.55
971.85
977.39
1016.83
1028.54
986.13
1017.16
994.8
969.39
1010.91
1020.56
973.42
1029.49
971.22
976.8
1015.71
1018.2
984.21
963.23
1001.75
997.74
1020.71
1001.14
1031.83
971.53
996.76
1030.19
1006.75
1013.22
985.68
982.75
960.03
985.12
1002.98
1016.02
966.84
968.18
1007.9
1016.33
969.06
976.08
1017.38
973.97
985.15
980.75
979.16
1008.43
972.73
969.86
1010.09
1001.91
999.3
1013.07
1039.82
1018.76
1023.53
973.08
1026.44
987.05
967.59
1010.14
1038.32
1018.45
1021.58
985.08
1017.38
963.88
983.62
964.93
1019.81
1024.94
988.53
962
1037.58
982.78
1006.08
975.08
1015.88
979.68
1019.33
1032.43
1001.65
1027.43
978.34
996.15
1023.78
1000.93
980.74
990.03
1003.17
996.18
1020.09
975
998.61
969.02
1030.71
962.21
1019.36
965.61
992.84
967.52
1009.5
991.3
993.31
1038.25
993.07
1006.76
1012.28
994.84